sphere -4.388 -0.470 -4.708 0.352 0.555 0.822 0.179
sphere -3.143 1.596 -9.828 0.128 0.853 0.116 0.356
sphere 1.930 0.718 -8.984 0.472 0.647 0.613 0.331
sphere -1.424 0.507 -9.721 0.934 0.413 0.501 0.442
sphere 0.243 -0.055 -7.997 0.111 0.126 0.578 0.473
sphere 3.664 -1.436 -3.588 0.749 0.027 0.758 0.194
sphere 0.654 -0.701 -5.041 0.404 0.343 0.235 0.025
sphere 4.536 0.823 -8.419 0.770 0.091 0.305 0.404
sphere 3.534 1.258 -3.225 0.796 0.286 0.992 0.473
sphere -1.904 0.929 -4.712 0.814 0.181 0.087 0.475
sphere 0.359 -0.491 -2.008 0.197 0.626 0.495 0.474
sphere -0.986 1.209 -3.465 0.163 0.754 0.717 0.650
sphere -1.721 0.531 -8.560 0.778 0.878 0.033 0.297
sphere 0.412 -1.877 -5.983 0.776 0.149 0.700 0.827
sphere -0.809 -0.944 -3.168 0.860 0.154 0.699 0.267
sphere 1.701 -1.668 -3.000 0.976 0.005 0.863 0.873
sphere -3.551 0.615 -2.661 0.143 0.674 0.301 0.146
sphere 4.416 -0.870 -6.773 0.522 0.162 0.221 0.256
sphere -1.748 1.350 -2.278 0.987 0.685 0.120 0.639
sphere -2.394 -0.717 -8.126 0.444 0.264 0.268 0.462
sphere 1.872 -0.801 -5.739 0.873 0.497 0.392 0.253
sphere -3.461 0.600 -5.011 0.334 0.821 0.789 0.552
sphere -2.437 -1.296 -4.220 0.596 0.313 0.414 0.850
sphere 4.360 -1.998 -4.312 0.170 0.354 0.708 0.464
sphere 3.822 -1.091 -6.304 0.572 0.174 0.839 0.317
sphere 4.559 -0.469 -7.020 0.747 0.137 0.923 0.672
sphere -4.716 1.736 -4.082 0.298 0.229 0.836 0.357
sphere 0.978 -1.386 -8.718 0.880 0.656 0.422 0.571
sphere -4.553 -1.228 -6.716 0.770 0.643 0.573 0.321
sphere -3.745 0.248 -9.642 0.142 0.102 0.617 0.953
sphere -0.205 -0.595 -2.815 0.316 0.597 0.822 0.906
sphere -2.840 -1.352 -5.582 0.336 0.874 0.811 0.308
sphere -4.808 1.741 -9.579 0.923 0.205 0.451 0.772
sphere 0.850 1.666 -3.453 0.950 0.768 0.135 0.822
sphere 3.626 1.914 -3.391 0.376 0.911 0.282 0.730
sphere 4.051 1.604 -6.485 0.138 0.268 0.491 0.924
sphere -2.003 -0.582 -3.486 0.363 0.576 0.745 0.232
sphere -2.539 -0.917 -5.512 0.135 0.092 0.073 0.570
sphere 4.003 -0.862 -1.559 0.277 0.917 0.522 0.985
sphere -4.240 -1.344 -6.499 0.840 0.833 0.679 0.051
sphere -0.596 0.309 -8.460 0.723 0.637 0.607 0.147
sphere -2.795 0.944 -8.408 0.619 0.765 0.356 0.654
sphere 0.397 -1.263 -5.944 0.912 0.018 0.515 0.694
sphere -2.871 0.335 -4.221 0.250 0.868 0.518 0.699
sphere 2.428 0.936 -5.004 0.190 0.805 0.771 0.235
sphere -0.953 -0.732 -4.575 0.906 0.409 0.479 0.826
sphere -0.117 -1.645 -6.275 0.110 0.533 0.820 0.340
sphere 2.480 0.245 -1.120 0.139 0.271 0.602 0.265
sphere -3.723 -0.133 -5.230 0.498 0.456 0.706 0.290
sphere -4.538 0.998 -2.537 0.790 0.364 0.427 0.203
sphere 3.141 -1.215 -2.969 0.177 0.871 0.716 0.957
sphere -0.491 -1.496 -5.862 0.734 0.607 0.294 0.575
sphere 4.975 1.209 -5.207 0.403 0.723 0.268 0.561
sphere -3.054 -0.359 -9.733 0.724 0.143 0.694 0.387
sphere 3.856 -1.259 -9.843 0.108 0.791 0.071 0.737
sphere -2.821 -1.325 -4.660 0.785 0.064 0.720 0.045
sphere 3.847 -0.200 -2.416 0.265 0.115 0.263 0.331
sphere -0.128 0.927 -9.621 0.260 0.032 0.344 0.264
sphere -0.902 -1.301 -7.772 0.164 0.581 0.881 0.580
sphere -3.928 -1.702 -7.011 0.901 0.783 0.616 0.492
sphere 2.947 -0.723 -5.707 0.808 0.079 0.468 0.166
sphere 2.700 0.255 -3.265 0.710 0.330 0.668 0.188
sphere 3.864 -1.284 -7.575 0.729 0.987 0.394 0.385
sphere 0.397 0.897 -9.429 0.947 0.924 0.970 0.112
sphere -0.846 -1.350 -2.665 0.200 0.447 0.640 0.215
sphere 3.679 -1.938 -8.681 0.698 0.264 0.003 0.678
sphere -1.637 0.285 -8.062 0.587 0.903 0.877 0.269
sphere -2.026 -0.034 -7.818 0.368 0.746 0.123 0.407
sphere -1.139 1.152 -4.932 0.521 0.329 0.845 0.399
sphere 3.569 1.905 -8.158 0.770 0.839 0.836 0.986
sphere -3.573 1.948 -6.739 0.476 0.025 0.914 0.594
sphere 1.601 -0.462 -5.760 0.628 0.792 0.655 0.617
sphere 2.718 -1.424 -6.286 0.443 0.394 0.935 0.086
sphere 4.975 0.181 -2.308 0.274 0.396 0.625 0.114
sphere 1.302 -1.355 -5.264 0.925 0.114 0.236 0.341
sphere -3.449 0.401 -6.787 0.273 0.450 0.294 0.232
sphere 0.821 0.057 -1.701 0.853 0.056 0.427 0.370
sphere -2.460 -0.707 -3.601 0.981 0.973 0.688 0.025
sphere -0.197 1.607 -6.058 0.346 0.222 0.112 0.744
sphere 0.860 -1.909 -4.606 0.181 0.664 0.229 0.925
sphere -2.879 1.244 -5.010 0.161 0.015 0.787 0.586
sphere -2.626 -0.903 -3.198 0.367 0.270 0.508 0.928
sphere -3.663 -1.179 -7.266 0.756 0.588 0.634 0.698
sphere -4.849 -0.966 -1.951 0.176 0.841 0.573 0.143
sphere 4.495 -1.881 -3.557 0.963 0.950 0.976 0.039
sphere -4.244 -1.814 -2.783 0.557 0.306 0.511 0.417
sphere -3.616 -1.912 -2.595 0.151 0.522 0.127 0.652
sphere -3.847 -0.057 -9.394 0.726 0.486 0.212 0.895
sphere -1.733 0.744 -8.964 0.146 0.775 0.410 0.451
sphere -2.788 -0.196 -9.866 0.381 0.032 0.643 0.972
sphere -3.014 -0.414 -6.247 0.874 0.866 0.676 0.325
sphere -4.215 -1.199 -5.745 0.713 0.051 0.222 0.260
sphere 0.988 -1.704 -2.155 0.630 0.743 0.206 0.034
sphere 3.742 0.185 -2.511 0.807 0.437 0.157 0.706
sphere -2.567 0.332 -1.633 0.851 0.274 0.207 0.890
sphere 1.757 0.540 -1.323 0.967 0.725 0.174 0.350
sphere 2.125 -1.400 -2.531 0.917 0.114 0.967 0.830
sphere 4.147 -1.243 -9.086 0.871 0.552 0.493 0.564
sphere -4.329 1.492 -1.809 0.382 0.131 0.302 0.097
sphere -4.169 -1.845 -3.831 0.108 0.592 0.788 0.771
sphere 2.955 -1.123 -5.332 0.588 0.781 0.302 0.717
sphere 1.994 -1.838 -3.028 0.304 0.639 0.302 0.183
sphere -2.267 0.848 -2.097 0.439 0.355 0.801 0.394
sphere 1.313 -0.122 -5.599 0.135 0.525 0.967 0.852
sphere 2.932 0.579 -6.252 0.111 0.780 0.399 0.560
sphere -2.341 1.360 -1.886 0.569 0.041 0.666 0.533
sphere 1.047 0.610 -4.512 0.839 0.765 0.361 0.874
sphere -3.889 0.352 -6.491 0.576 0.013 0.021 0.004
sphere 0.603 1.024 -6.577 0.823 0.335 0.292 0.554
sphere -3.932 1.283 -7.406 0.129 0.004 0.100 0.726
sphere 1.036 1.671 -7.574 0.946 0.721 0.851 0.045
sphere -0.406 -0.547 -4.039 0.150 0.996 0.055 0.074
sphere -4.988 1.455 -7.834 0.757 0.386 0.706 0.489
sphere -1.350 -1.070 -2.059 0.449 0.830 0.842 0.158
sphere -3.525 1.832 -3.195 0.673 0.230 0.999 0.665
sphere 0.386 0.548 -5.859 0.603 0.616 0.437 0.013
sphere -3.252 1.221 -6.820 0.317 0.043 0.751 0.041
sphere 1.520 0.286 -3.615 0.523 0.027 0.594 0.021
sphere 0.111 -1.199 -5.882 0.894 0.035 0.788 0.181
sphere -0.400 -1.408 -9.254 0.685 0.742 0.805 0.034
sphere 0.802 1.800 -6.146 0.717 0.682 0.660 0.150
sphere 4.511 0.230 -2.319 0.957 0.120 0.845 0.456
sphere 2.526 -1.856 -8.905 0.712 0.965 0.005 0.515
sphere -4.868 -0.409 -5.871 0.598 0.804 0.653 0.902
sphere 3.496 -0.979 -5.968 0.789 0.201 0.794 0.783
sphere 3.602 0.962 -4.109 0.520 0.600 0.122 0.044
sphere -3.136 -0.972 -9.934 0.906 0.423 0.013 0.514
sphere 2.901 -0.674 -3.987 0.475 0.964 0.108 0.537
sphere 4.530 -0.936 -7.476 0.226 0.732 0.909 0.421
sphere 0.692 1.024 -5.141 0.213 0.707 0.341 0.054
sphere -1.160 -1.335 -2.311 0.381 0.965 0.971 0.832
sphere -0.945 -1.341 -7.837 0.764 0.146 0.840 0.102
sphere -3.317 1.883 -8.258 0.230 0.943 0.529 0.230
sphere -2.287 -1.685 -8.298 0.653 0.057 0.723 0.679
sphere -4.662 -1.811 -8.699 0.527 0.864 0.926 0.865
sphere 3.826 -0.332 -6.466 0.584 0.275 0.022 0.304
sphere -3.994 0.696 -7.985 0.765 0.651 0.337 0.377
sphere 3.327 1.691 -3.850 0.173 0.156 0.854 0.135
sphere 4.192 -0.439 -4.137 0.394 0.556 0.176 0.313
sphere 3.350 1.402 -4.801 0.162 0.958 0.833 0.963
sphere -3.453 0.926 -2.407 0.968 0.738 0.172 0.799
sphere -4.253 0.763 -3.794 0.331 0.872 0.268 0.503
sphere 3.624 -1.945 -4.673 0.507 0.134 0.779 0.080
sphere 3.916 -0.520 -2.804 0.890 0.214 0.754 0.391
sphere -3.816 -0.556 -4.090 0.187 0.528 0.550 0.672
sphere -3.789 0.263 -8.650 0.788 0.533 0.703 0.920
sphere 1.541 -1.988 -6.603 0.292 0.377 0.029 0.999
sphere -4.184 0.849 -5.197 0.743 0.290 0.519 0.970
sphere -1.584 -1.071 -1.911 0.933 0.894 0.926 0.068
sphere -3.249 -1.139 -6.082 0.683 0.234 0.733 0.871
sphere 1.151 -1.643 -2.989 0.305 0.273 0.221 0.022
sphere -3.555 -1.344 -8.064 0.873 0.018 0.591 0.622
sphere 2.200 0.180 -1.382 0.791 0.913 0.662 0.069
sphere 0.553 0.869 -9.203 0.528 0.484 0.862 0.094
sphere -4.915 -0.632 -4.401 0.959 0.109 0.465 0.410
sphere 0.757 -0.108 -5.485 0.763 0.382 0.024 0.811
sphere 2.209 1.249 -2.185 0.327 0.684 0.099 0.766
sphere -3.420 1.804 -1.181 0.412 0.729 0.400 0.693
sphere 3.539 0.778 -9.769 0.874 0.434 0.890 0.127
sphere -4.607 -0.844 -3.160 0.310 0.974 0.338 0.283
sphere 4.838 -1.304 -8.727 0.321 0.249 0.797 0.613
sphere 4.710 -0.466 -3.635 0.959 0.369 0.631 0.046
sphere -4.443 -1.587 -2.127 0.473 0.135 0.709 0.715
sphere -3.841 0.226 -8.104 0.947 0.569 0.555 0.464
sphere 3.125 1.904 -3.733 0.674 0.863 0.974 0.274
sphere -4.621 -0.589 -5.745 0.718 0.445 0.173 0.849
sphere 3.606 0.916 -4.734 0.844 0.817 0.781 0.670
sphere 0.729 0.074 -9.732 0.303 0.869 0.610 0.502
sphere 2.664 0.279 -3.470 0.635 0.669 0.019 0.208
sphere -4.423 -0.594 -9.287 0.311 0.735 0.076 0.377
sphere 2.692 0.845 -6.058 0.228 0.962 0.189 0.078
sphere -3.163 0.086 -1.746 0.779 0.125 0.978 0.178
sphere 1.504 -1.511 -7.285 0.274 0.617 0.547 0.127
sphere -1.145 0.971 -2.846 0.316 0.575 0.516 0.771
sphere -1.957 0.700 -8.699 0.231 0.728 0.454 0.081
sphere 0.879 0.611 -2.654 0.775 0.388 0.594 0.832
sphere 2.221 0.201 -4.745 0.198 0.350 0.923 0.460
sphere 1.522 1.319 -2.275 0.178 0.242 0.260 0.771
sphere 2.795 0.479 -1.711 0.203 0.067 0.928 0.580
sphere -4.775 0.871 -8.992 0.830 0.603 0.752 0.224
sphere -4.219 0.212 -8.045 0.939 0.809 0.132 0.577
sphere 3.886 -1.104 -8.928 0.517 0.177 0.670 0.823
sphere -0.312 0.404 -9.316 0.183 0.085 0.270 0.570
sphere -4.933 0.489 -3.569 0.164 0.434 0.735 0.280
sphere -3.839 1.056 -1.848 0.104 0.319 0.706 0.836
sphere -1.899 0.486 -8.645 0.657 0.619 0.026 0.850
sphere -2.506 -0.738 -4.650 0.337 0.555 0.448 0.407
sphere 3.681 0.300 -3.465 0.568 0.352 0.260 0.844
sphere -1.561 -1.594 -7.686 0.265 0.483 0.744 0.308
sphere -0.552 -1.849 -4.896 0.834 0.501 0.420 0.778
sphere 3.149 -0.350 -5.778 0.772 0.697 0.991 0.802
sphere 1.276 -1.867 -9.016 0.552 0.960 0.736 0.649
sphere -4.154 0.097 -1.041 0.254 0.754 0.295 0.441
sphere 1.357 -0.882 -6.569 0.149 0.973 0.402 0.305
sphere 3.605 -0.786 -9.626 0.316 0.618 0.345 0.396
sphere 4.032 -1.682 -2.510 0.976 0.200 0.217 0.203
sphere -4.401 1.457 -8.916 0.857 0.943 0.256 0.055
sphere -4.537 1.989 -3.977 0.663 0.836 0.434 0.796
sphere -2.884 -1.285 -2.081 0.751 0.311 0.002 0.192
sphere -1.513 -0.806 -2.498 0.269 0.141 0.988 0.916
sphere -3.336 0.345 -2.026 0.387 0.846 0.104 0.733
sphere -0.541 -1.868 -2.091 0.955 0.090 0.323 0.802
sphere 2.939 1.761 -1.171 0.446 0.409 0.021 0.964
sphere -1.163 0.479 -6.687 0.252 0.804 0.855 0.480
sphere -0.408 0.800 -4.248 0.189 0.350 0.770 0.982
sphere -3.827 -0.087 -1.197 0.584 0.518 0.131 0.245
sphere 0.666 1.851 -5.893 0.388 0.808 0.240 0.847
sphere -0.316 -0.055 -9.079 0.540 0.301 0.501 0.446
sphere 0.063 1.635 -8.956 0.461 0.342 0.964 0.205
sphere -3.981 -1.628 -3.789 0.671 0.596 0.860 0.857
sphere 0.626 -1.019 -6.270 0.456 0.130 0.760 0.428
sphere -3.041 -1.752 -8.224 0.743 0.680 0.173 0.726
sphere -4.268 -1.388 -8.965 0.520 0.058 0.984 0.479
sphere 3.299 -0.354 -9.866 0.268 0.180 0.936 0.151
sphere 5.000 -1.407 -9.996 0.709 0.883 0.731 0.105
sphere 2.433 0.456 -5.404 0.450 0.920 0.941 0.540
sphere -3.413 -1.824 -4.795 0.161 0.384 0.850 0.802
sphere -0.929 0.968 -9.961 0.910 0.876 0.363 0.046
sphere 1.738 -0.170 -1.745 0.231 0.968 0.165 0.131
sphere 0.422 1.817 -9.407 0.913 0.791 0.726 0.754
sphere 3.026 0.804 -4.099 0.360 0.584 0.039 0.001
sphere 0.662 0.266 -4.530 0.527 0.585 0.137 0.757
sphere -4.158 -0.944 -3.681 0.999 0.576 0.592 0.660
sphere -4.497 0.561 -4.510 0.822 0.293 0.209 0.464
sphere -4.591 1.475 -6.279 0.102 0.495 0.668 0.946
sphere -2.477 1.881 -5.319 0.329 0.330 0.582 0.385
sphere 2.582 1.474 -4.287 0.155 0.175 0.509 0.668
sphere 1.889 1.014 -7.860 0.302 0.672 0.847 0.159
sphere -3.099 -1.455 -7.724 0.183 0.977 0.450 0.119
sphere 0.470 -1.504 -7.181 0.577 0.224 0.937 0.413
sphere -2.898 1.920 -7.935 0.726 0.434 0.333 0.990
sphere -0.171 1.520 -2.307 0.301 0.809 0.076 0.434
sphere -3.775 -0.975 -2.513 0.150 0.303 0.573 0.196
sphere -0.710 0.268 -3.925 0.358 0.896 0.374 0.482
sphere 1.804 0.529 -4.923 0.612 0.841 0.294 0.014
sphere 2.155 -1.202 -6.963 0.623 0.934 0.058 0.055
sphere 3.939 0.166 -3.697 0.379 0.594 0.060 0.854
sphere -3.938 -0.132 -3.714 0.482 0.532 0.346 0.087
sphere 3.558 -1.229 -4.693 0.663 0.542 0.855 0.813
